%YAML:1.0
---
Calibration_Time: "Wed Jun 12 15:10:15 2019"
Calibration_Pattern: ARUCO_SINGLE
Stereo_Parameters:
   Rotation_Matrix: !!opencv-matrix
      rows: 3
      cols: 3
      dt: d
      data: [ 9.9290366242674466e-01, 1.6294677700007414e-02,
          1.1779983284457538e-01, -2.2425749120315863e-02,
          9.9845144083367821e-01, 5.0909783672144708e-02,
          -1.1678785431691804e-01, -5.3190260159213361e-02,
          9.9173151271311610e-01 ]
   Translation_Vector: !!opencv-matrix
      rows: 3
      cols: 1
      dt: d
      data: [ -5.4850121372295621e+02, 3.0371954003831817e+01,
          -7.4477521345846583e+01 ]
   Essential_Matrix: !!opencv-matrix
      rows: 3
      cols: 3
      dt: d
      data: [ -5.2172895483245707e+00, 7.2746696362474069e+01,
          3.3912458388427901e+01, -1.3800728355368648e+02,
          -3.0388509461794321e+01, 5.3519249884522844e+02,
          -1.7855873754321472e+01, -5.4814672834231885e+02,
          -3.1501889239359031e+01 ]
   Fundamental_Matrix: !!opencv-matrix
      rows: 3
      cols: 3
      dt: d
      data: [ 3.1642900712188467e-08, -4.4141583126178481e-07,
          -1.5154824114593321e-04, 8.3903705590645833e-07,
          1.8483823532745993e-07, -6.6343214494908789e-03,
          -2.9993545934910122e-04, 6.1679325459621437e-03, 1. ]
Rectification_Parameters:
   Rectification_Transformation_1: !!opencv-matrix
      rows: 3
      cols: 3
      dt: d
      data: [ 9.6793597308790336e-01, -4.5725561887930095e-02,
          2.4700025302093626e-01, 3.9851769430145470e-02,
          9.9879247474579258e-01, 2.8730277834749681e-02,
          -2.4801570207480816e-01, -1.7965672300486308e-02,
          9.6858941050536540e-01 ]
   Rectification_Transformation_2: !!opencv-matrix
      rows: 3
      cols: 3
      dt: d
      data: [ 9.8941867789839288e-01, -5.4786712998670599e-02,
          1.3434692368862622e-01, 5.9228391213064863e-02,
          9.9781473194993842e-01, -2.9287512321548172e-02,
          -1.3244877311665973e-01, 3.6934763874620802e-02,
          9.9050146174421039e-01 ]
   Projection_Matrix_1: !!opencv-matrix
      rows: 3
      cols: 4
      dt: d
      data: [ 5.2548880533118436e+03, 0., 1.2172622680664062e+02, 0., 0.,
          5.2548880533118436e+03, 1.0939862670898438e+03, 0., 0., 0., 1.,
          0. ]
   Projection_Matrix_2: !!opencv-matrix
      rows: 3
      cols: 4
      dt: d
      data: [ 5.2548880533118436e+03, 0., 1.2172622680664062e+02,
          -2.9131373195239031e+06, 0., 5.2548880533118436e+03,
          1.0939862670898438e+03, 0., 0., 0., 1., 0. ]
   Disparity-to-depth_Mapping_Matrix: !!opencv-matrix
      rows: 4
      cols: 4
      dt: d
      data: [ 1., 0., 0., -1.2172622680664062e+02, 0., 1., 0.,
          -1.0939862670898438e+03, 0., 0., 0., 5.2548880533118436e+03,
          0., 0., 1.8038586846193213e-03, 0. ]
