%YAML:1.0
---
Calibration_Time: "Wed Jul 17 15:46:10 2019"
Calibration_Pattern: ARUCO_SINGLE
Stereo_Parameters:
   Rotation_Matrix: !!opencv-matrix
      rows: 3
      cols: 3
      dt: d
      data: [ 9.9905636507629125e-01, -3.9901220824928668e-02,
          1.7154357383137808e-02, 3.9529929583853082e-02,
          9.9898782240944184e-01, 2.1464280671316744e-02,
          -1.7993445129928655e-02, -2.0765915687051290e-02,
          9.9962243506137582e-01 ]
   Translation_Vector: !!opencv-matrix
      rows: 3
      cols: 1
      dt: d
      data: [ -2.2156581490081643e+02, 2.1388232992902592e+00,
          -8.5605417592380121e+01 ]
   Essential_Matrix: !!opencv-matrix
      rows: 3
      cols: 3
      dt: d
      data: [ 3.3454913297447315e+00, 8.5474355082760184e+01,
          3.9754744647906577e+00, -8.9511369663767056e+01,
          -1.1852563601993742e+00, 2.2001365349019974e+02,
          -1.0895286092147707e+01, -2.2125620928736959e+02,
          -4.7924409774555450e+00 ]
   Fundamental_Matrix: !!opencv-matrix
      rows: 3
      cols: 3
      dt: d
      data: [ -5.9913633046942119e-06, -1.5283624261591379e-04,
          7.6254661703682586e-02, 1.6005714187416722e-04,
          2.1160889654017283e-06, -8.3916951923077210e-01,
          -4.6938968131378843e-02, 8.3431505355944091e-01, 1. ]
Rectification_Parameters:
   Rectification_Transformation_1: !!opencv-matrix
      rows: 3
      cols: 3
      dt: d
      data: [ 9.2503898431885911e-01, -5.3697021540219873e-02,
          3.7605785109214607e-01, 5.1093977065562804e-02,
          9.9855085186102654e-01, 1.6899756070482642e-02,
          -3.7642035412283081e-01, 3.5813580283511840e-03,
          9.2644206018332065e-01 ]
   Rectification_Transformation_2: !!opencv-matrix
      rows: 3
      cols: 3
      dt: d
      data: [ 9.3275969271595038e-01, -9.0041334414009584e-03,
          3.6038629444724352e-01, 1.1492269414707230e-02,
          9.9992262348887440e-01, -4.7618041566585981e-03,
          -3.6031553309307335e-01, 8.5832753710941151e-03,
          9.3279099695256407e-01 ]
   Projection_Matrix_1: !!opencv-matrix
      rows: 3
      cols: 4
      dt: d
      data: [ 1.7414706676089577e+03, 0., 2.0635126113891602e+01, 0., 0.,
          1.7414706676089577e+03, 5.2394884872436523e+02, 0., 0., 0., 1.,
          0. ]
   Projection_Matrix_2: !!opencv-matrix
      rows: 3
      cols: 4
      dt: d
      data: [ 1.7414706676089577e+03, 0., 2.0635126113891602e+01,
          -4.1366535304624174e+05, 0., 1.7414706676089577e+03,
          5.2394884872436523e+02, 0., 0., 0., 1., 0. ]
   Disparity-to-depth_Mapping_Matrix: !!opencv-matrix
      rows: 4
      cols: 4
      dt: d
      data: [ 1., 0., 0., -2.0635126113891602e+01, 0., 1., 0.,
          -5.2394884872436523e+02, 0., 0., 0., 1.7414706676089577e+03,
          0., 0., 4.2098538221408332e-03, 0. ]
