%YAML:1.0
---
Calibration_Time: "Wed Jul 17 17:05:26 2019"
Calibration_Pattern: ARUCO_SINGLE
Stereo_Parameters:
   Rotation_Matrix: !!opencv-matrix
      rows: 3
      cols: 3
      dt: d
      data: [ 9.9913141869605604e-01, -4.1364431728666065e-02,
          -5.0390437754555418e-03, 4.1422961820552898e-02,
          9.9906813013785478e-01, 1.2124750589750094e-02,
          4.5328146244303629e-03, -1.2322951375995634e-02,
          9.9991379551487602e-01 ]
   Translation_Vector: !!opencv-matrix
      rows: 3
      cols: 1
      dt: d
      data: [ -2.2113767435082994e+02, 3.8040441807547856e+00,
          -1.5959367062839080e+01 ]
   Essential_Matrix: !!opencv-matrix
      rows: 3
      cols: 3
      dt: d
      data: [ 6.7832727961867723e-01, 1.5897617958182726e+01,
          3.9972196002919911e+00, -1.4943128970675557e+01,
          -2.0649186591225055e+00, 2.2119903124072923e+02,
          -1.2960917500820294e+01, -2.2077425069090987e+02,
          -2.6620704023505994e+00 ]
   Fundamental_Matrix: !!opencv-matrix
      rows: 3
      cols: 3
      dt: d
      data: [ 7.9121381452598122e-08, 1.8514251792428985e-06,
          -2.7187816670661317e-04, -1.7404725016025151e-06,
          -2.4013092917399942e-07, 4.6532143859371905e-02,
          -1.7685763774359018e-03, -4.6453432112889506e-02, 1. ]
Rectification_Parameters:
   Rectification_Transformation_1: !!opencv-matrix
      rows: 3
      cols: 3
      dt: d
      data: [ 9.9600856561734619e-01, -5.9276978333884740e-02,
          6.6732129116945635e-02, 5.8919157991504677e-02,
          9.9823592536298733e-01, 7.3191622657634474e-03,
          -6.7048266483546393e-02, -3.3581474512928361e-03,
          9.9774408182020646e-01 ]
   Rectification_Transformation_2: !!opencv-matrix
      rows: 3
      cols: 3
      dt: d
      data: [ 9.9725914360220680e-01, -1.7155004695880220e-02,
          7.1971566022126399e-02, 1.7539638549594012e-02,
          9.9983504843781035e-01, -4.7156118278680655e-03,
          -7.1878797856826757e-02, 5.9650422668964947e-03,
          9.9739553673024406e-01 ]
   Projection_Matrix_1: !!opencv-matrix
      rows: 3
      cols: 4
      dt: d
      data: [ 1.7387372971098903e+03, 0., 8.0448198699951172e+02, 0., 0.,
          1.7387372971098903e+03, 5.3871481323242188e+02, 0., 0., 0., 1.,
          0. ]
   Projection_Matrix_2: !!opencv-matrix
      rows: 3
      cols: 4
      dt: d
      data: [ 1.7387372971098903e+03, 0., 8.0448198699951172e+02,
          -3.8555707877600676e+05, 0., 1.7387372971098903e+03,
          5.3871481323242188e+02, 0., 0., 0., 1., 0. ]
   Disparity-to-depth_Mapping_Matrix: !!opencv-matrix
      rows: 4
      cols: 4
      dt: d
      data: [ 1., 0., 0., -8.0448198699951172e+02, 0., 1., 0.,
          -5.3871481323242188e+02, 0., 0., 0., 1.7387372971098903e+03,
          0., 0., 4.5096754613602290e-03, 0. ]
