%YAML:1.0
---
Calibration_Time: "Fri Jun 21 15:07:26 2019"
Calibration_Pattern: ARUCO_SINGLE
Stereo_Parameters:
   Rotation_Matrix: !!opencv-matrix
      rows: 3
      cols: 3
      dt: d
      data: [ 9.9893648632941812e-01, 1.4974433495138380e-02,
          4.3608056839717114e-02, -1.5529494625700392e-02,
          9.9980229993331315e-01, 1.2417561947813589e-02,
          -4.3413489568412532e-02, -1.3081566785256387e-02,
          9.9897154190394044e-01 ]
   Translation_Vector: !!opencv-matrix
      rows: 3
      cols: 1
      dt: d
      data: [ -5.1664735908292664e+02, -7.6446270995873944e-01,
          1.4838055173094634e+02 ]
   Essential_Matrix: !!opencv-matrix
      rows: 3
      cols: 3
      dt: d
      data: [ 2.3374629745484246e+00, -1.4834121651597894e+02,
          -2.6062011850653315e+00, 1.2579328225163746e+02,
          -4.5366422284026466e+00, 5.2258659645746172e+02,
          8.7869220796766587e+00, -5.1653377046957257e+02,
          -6.3821638532788079e+00 ]
   Fundamental_Matrix: !!opencv-matrix
      rows: 3
      cols: 3
      dt: d
      data: [ -4.9906576912194109e-08, 3.1637680625277702e-06,
          -1.5708308510903159e-03, -2.6825160791550224e-06,
          9.6638276268638514e-08, -1.6958809181100057e-02,
          1.1772398156881707e-03, 1.6185247778757843e-02, 1. ]
Rectification_Parameters:
   Rectification_Transformation_1: !!opencv-matrix
      rows: 3
      cols: 3
      dt: d
      data: [ 9.7208472167280213e-01, 1.9425524870819933e-02,
          -2.3382459852163545e-01, -1.8522547284782937e-02,
          9.9981009402071175e-01, 6.0573208911789246e-03,
          2.3389786046989364e-01, -1.5572019101221697e-03,
          9.7225992717473320e-01 ]
   Rectification_Transformation_2: !!opencv-matrix
      rows: 3
      cols: 3
      dt: d
      data: [ 9.6114514612977031e-01, 1.4221685452496570e-03,
          -2.7603982594511872e-01, -3.2671105481317901e-03,
          9.9997529445436684e-01, -6.2238629137088223e-03,
          2.7602415484853648e-01, 6.8838882567380504e-03,
          9.6112604689635794e-01 ]
   Projection_Matrix_1: !!opencv-matrix
      rows: 3
      cols: 4
      dt: d
      data: [ 1.7510120777870484e+03, 0., 1.5728519592285156e+03, 0., 0.,
          1.7510120777870484e+03, 5.4237834930419922e+02, 0., 0., 0., 1.,
          0. ]
   Projection_Matrix_2: !!opencv-matrix
      rows: 3
      cols: 4
      dt: d
      data: [ 1.7510120777870484e+03, 0., 1.5728519592285156e+03,
          -9.4122700338627456e+05, 0., 1.7510120777870484e+03,
          5.4237834930419922e+02, 0., 0., 0., 1., 0. ]
   Disparity-to-depth_Mapping_Matrix: !!opencv-matrix
      rows: 4
      cols: 4
      dt: d
      data: [ 1., 0., 0., -1.5728519592285156e+03, 0., 1., 0.,
          -5.4237834930419922e+02, 0., 0., 0., 1.7510120777870484e+03,
          0., 0., 1.8603504483906549e-03, 0. ]
