%YAML:1.0
---
Calibration_Time: "Mon Jun 24 16:33:24 2019"
Calibration_Pattern: ARUCO_SINGLE
Stereo_Parameters:
   Rotation_Matrix: !!opencv-matrix
      rows: 3
      cols: 3
      dt: d
      data: [ 9.9862370954902202e-01, -1.3792798263094043e-02,
          5.0600844287661789e-02, 1.2877231223039512e-02,
          9.9974822676232367e-01, 1.8375527247343950e-02,
          -5.0841554289566923e-02, -1.7698638412688514e-02,
          9.9854989587689502e-01 ]
   Translation_Vector: !!opencv-matrix
      rows: 3
      cols: 1
      dt: d
      data: [ -5.2031995810291733e+02, 8.4578357922342029e+00,
          -2.4503930094675798e+01 ]
   Essential_Matrix: !!opencv-matrix
      rows: 3
      cols: 3
      dt: d
      data: [ -1.1446674390078077e-01, 2.4348068483419418e+01,
          8.8958436848010649e+00, -5.0924080967509724e+01,
          -8.8709770329199475e+00, 5.1832552043518206e+02,
          -1.5146475764050908e+01, -5.2007229823961347e+02,
          -9.9891271993904738e+00 ]
   Fundamental_Matrix: !!opencv-matrix
      rows: 3
      cols: 3
      dt: d
      data: [ 3.1845469747623092e-09, -6.7663468186085370e-07,
          -6.6145582028047785e-05, 1.4152213894717542e-06,
          2.4626009809309212e-07, -2.6540550015477400e-02,
          -4.0350251984097100e-05, 2.5640115567208726e-02, 1. ]
Rectification_Parameters:
   Rectification_Transformation_1: !!opencv-matrix
      rows: 3
      cols: 3
      dt: d
      data: [ 9.9478626005453763e-01, -3.0839023190570566e-02,
          9.7207260301673107e-02, 3.0037410339720270e-02,
          9.9950171353260098e-01, 9.6994136667057449e-03,
          -9.7457943682334333e-02, -6.7289890805427195e-03,
          9.9521689591724927e-01 ]
   Rectification_Transformation_2: !!opencv-matrix
      rows: 3
      cols: 3
      dt: d
      data: [ 9.9876127109171398e-01, -1.6234931401316672e-02,
          4.7035628726084952e-02, 1.6700943160955835e-02,
          9.9981509626852350e-01, -9.5316195422255282e-03,
          -4.6872186473409683e-02, 1.0305351811449958e-02,
          9.9884773507239033e-01 ]
   Projection_Matrix_1: !!opencv-matrix
      rows: 3
      cols: 4
      dt: d
      data: [ 1.7404202066507792e+03, 0., 7.9707749176025391e+02, 0., 0.,
          1.7404202066507792e+03, 5.4254817962646484e+02, 0., 0., 0., 1.,
          0. ]
   Projection_Matrix_2: !!opencv-matrix
      rows: 3
      cols: 4
      dt: d
      data: [ 1.7404202066507792e+03, 0., 7.9707749176025391e+02,
          -9.0669852267714438e+05, 0., 1.7404202066507792e+03,
          5.4254817962646484e+02, 0., 0., 0., 1., 0. ]
   Disparity-to-depth_Mapping_Matrix: !!opencv-matrix
      rows: 4
      cols: 4
      dt: d
      data: [ 1., 0., 0., -7.9707749176025391e+02, 0., 1., 0.,
          -5.4254817962646484e+02, 0., 0., 0., 1.7404202066507792e+03,
          0., 0., 1.9195136675771390e-03, 0. ]
