%YAML:1.0
---
Calibration_Time: "Mon Jun 24 16:33:31 2019"
Calibration_Pattern: ARUCO_SINGLE
Stereo_Parameters:
   Rotation_Matrix: !!opencv-matrix
      rows: 3
      cols: 3
      dt: d
      data: [ 9.9448124396462512e-01, -1.5659270099192241e-02,
          1.0373930143649619e-01, 1.4395741617055431e-02,
          9.9981293374332414e-01, 1.2917435614796366e-02,
          -1.0392217292698731e-01, -1.1352743260022008e-02,
          9.9452063688724190e-01 ]
   Translation_Vector: !!opencv-matrix
      rows: 3
      cols: 1
      dt: d
      data: [ -6.2239627492867658e+02, -2.1226285767468237e+01,
          1.7024030277879950e+02 ]
   Essential_Matrix: !!opencv-matrix
      rows: 3
      cols: 3
      dt: d
      data: [ -2.4485367148839776e-01, -1.6996747998994138e+02,
          -2.3309047390401691e+01, 1.0462001476812429e+02,
          -9.7317439982408267e+00, 6.3664654982492459e+02,
          1.2149287117489408e+01, -6.2261223372939207e+02,
          -5.8377637506716802e+00 ]
   Fundamental_Matrix: !!opencv-matrix
      rows: 3
      cols: 3
      dt: d
      data: [ 5.0189329104925737e-09, 3.4810147214937941e-06,
          -1.0670554537945561e-03, -2.1423006728658508e-06,
          1.9910931477475360e-07, -2.0718444066543936e-02,
          7.2666038047979455e-04, 1.8743104192462109e-02, 1. ]
Rectification_Parameters:
   Rectification_Transformation_1: !!opencv-matrix
      rows: 3
      cols: 3
      dt: d
      data: [ 9.8660320753946840e-01, 2.0769169760299157e-02,
          -1.6181085396320088e-01, -2.0254098458743729e-02,
          9.9978318699163515e-01, 4.8322359702968011e-03,
          1.6187613279435598e-01, -1.4901665400183402e-03,
          9.8680995993921095e-01 ]
   Rectification_Transformation_2: !!opencv-matrix
      rows: 3
      cols: 3
      dt: d
      data: [ 9.6404701013934280e-01, 3.2877988115908960e-02,
          -2.6368996973499781e-01, -3.5296903212431369e-02,
          9.9936700862228045e-01, -4.4396735203235697e-03,
          2.6337708872452470e-01, 1.3587493323087929e-02,
          9.6459726785855504e-01 ]
   Projection_Matrix_1: !!opencv-matrix
      rows: 3
      cols: 4
      dt: d
      data: [ 1.7416158912381634e+03, 0., 1.4665176391601562e+03, 0., 0.,
          1.7416158912381634e+03, 5.4138420486450195e+02, 0., 0., 0., 1.,
          0. ]
   Projection_Matrix_2: !!opencv-matrix
      rows: 3
      cols: 4
      dt: d
      data: [ 1.7416158912381634e+03, 0., 1.4665176391601562e+03,
          -1.1244008141330609e+06, 0., 1.7416158912381634e+03,
          5.4138420486450195e+02, 0., 0., 0., 1., 0. ]
   Disparity-to-depth_Mapping_Matrix: !!opencv-matrix
      rows: 4
      cols: 4
      dt: d
      data: [ 1., 0., 0., -1.4665176391601562e+03, 0., 1., 0.,
          -5.4138420486450195e+02, 0., 0., 0., 1.7416158912381634e+03,
          0., 0., 1.5489279884424395e-03, 0. ]
